4 ’ INDEX

9,43,’.33114444 4, 46616444114414. 3, 3, 44461464 6641 4,, 5., 4443314641. 2,1, 3ο
69”3”6”3 61646’44661414411144.4,4,64 44446141 Hune. 5, 4, 9,”4””’” ”’ ” J
⁸''⁴³⁹fl 44 444 'bfflssffl'agffg’6 34411143· 44444· 449334, 1334123 334
13141 ””’ ” ” ,4 ’³' 4444441441 ,,4. m

, 411 Phor. 4, 4,4 ι611146444466413, 3, 3,6,ι3Ει4. .3,4,κ4191441144.4.1’4133

..W 57 4411641.,,34 55 44419146164ν.4,4, 46 ’

16161 114444. 4,6. 44 4141144641 Ami 1, 3,8 4444464166. 4,3, 2. 444196υά4666. m,
Am 4, 43 1144. 3,. ι. 48 33141444. 4, 4,, 33
464464414436141. 4614441644.3,4,49 20 ’114416 3, 3, 3 aucupium 641414, 3,
3,4, 91114. 4, 5, 461114ιὶ4 And. 3, 2, 1144. ι ,.2,1o9,110 ¹5
' 91144. 4, 4, 463 38 3 46 4444441.ιὼ41 3339
. 41144444. 4, 4, 4 16114414 Phor 3, 8,49 4446644144. 3, 3,4 441664646644Ἣ434
abitio 61444411. 1, 2, 4611441164 Eun· 4, 3, 4444464Α641. 3, 9,6 4444664ιεὶ44. 3,3,
43 49 4444464446 ,1.446 3, 4, 3
4666114444. 3,4, 3. 461446114444444. 3,4, 331444. 5, ι ,33 munte And. 3, 4,
4611414’46”1144.4,4, 4666641644. ,3,,3 ι ”’4’”1’1”9’6.’3’,’3’, 4’4’” 4446644114. 3, 9, 4ο
81.4,2,1o 4614444164 flamm. 3, 4444416 And. 1, ·5, murritAcd. 4, 4, 466
461444446114444. .3, ι, ι ,49 . 63 Eum-,2 343 Phor
8ο 46144’.4441444 3, 3, 3 4444416646.4,4,9 5, 6,4ι
ι6114164644.114143. 46144364 144413, 3, accusant 41641. 3, 6, 4446444114.3,4, 44
46 66144. 4, 4, 4 44446464114444. 1, 4,
46143161641144.3,3.461ὐτ1υ444 aad. 5,8, accersunt 11ιέ 4, 4, 72
45 44 444 44461464641144444. ι, 4,
4663444ῑὲ64 Eun. 4, 4644664166. 1, 3, messem 1144. 4, 2, 50
2, 4 44 466 moabiten». .ι, 4,

’ ubertum 1144. .3, 3, 38 4644144114441. 3, 6, 444444441613334 44

1644411164. 4,44,43 49 1144144636 4444641111444αμ,
1641944144. 9,,496 4646441644. m, 66 4444616464, 33,ο. 69
664494ιωὶ144. 4,4,4644414441,1446.1141.3 2, 4, 48 Phor. 3, accusando 11414 5, 8,
4641961614 3, 4, 9 ”’4’4’.””4ξ”;,’”43’.’ 6, 4464614Ἀε6.4,4,43ιιέυ14444164114444.4,3,
abripere 414141. 2, 1, 6, 3 4631144. 144134. 444

²7 ..44441444446641 3, 4, 3, 3, 3² 36 44444...4,441.Ρ441.44,
4669144166. ν,4,ι u 44. 4,,336 aeidum. 4, 3,49 *wid-‚4 3,3
4614446446614. .,4,ι 3 aceede Eun· 4, 4, 3. 44664116464, 3, 20 4444441444 Phor-1, ς,
4614414444 Ean. 3, 3, 3„2 43. 3, 3, 38 4666464616. 2, 3,24 33

3ο 1144444, 4, 5, ¹4 4441641144. ,3 3, 48 444144 1146444. 5, 2,
4644441444,4,ιη Α1414,4, 14· 5, 4461644116. .,3,34 461444. m, ²5·
11444444. ι, 4, 444 3,43 4441434411 u. 3.,9,3ο 2, 3,3

Ad 1 1, ¹24⁸ accedebam 1144. .3, 3,3 accingerefhor. ra, 4 ,4 4446144441 1144. 2, 4,
4614614144.4.3,.6 444441444Ρό44. 5,6,25 444194 And· 4, 4,3 n

5„9 4341144444, 4444114646. 4, 3, 10 1644. m, ι. 2, 4444644444 1644. m,
m. 3 4 33 4444664146 4,4,36 4,3.6 3,,648 43

Phor. 1, 5, 28’. 2, Adel. 3, 2, 3.3,34441’4444144.,,33 45 4444146444 1141444,
3 ιο 4 414 9114634436 1144444,,4 3,3·6Α 33

1144. m, ²7 4444146111144414. 3,3, 641. 2, 4, 4¹· 4,3, accuser 1144. 2, 4, 8
absentem Phar. ι, 4, 44 41’.64 3,4,4 4444641144. 3, 4, 4
68. 3, 4, 9 “ceperim 1444. 4, 4, 461914614434μ 4466641144, a, 1,·
4614661144. 2,2,25, ⁶0 44419144 Ean. 4, 6, ³⁸ .

28 acceper1tE2n1,2,2 441144 4,4,464α44144464441644.4,3,
4611441641. 4, 4,3 16ον.4’4,4,ι8 99 52

4616144444 91141. 2,4‚ 4444911116. 4, 3, 63 xci 91446641. 2, 4,4 1616411464, 2,45

43 114’.4.3,3,4.1144 16414391 46641446, 4, 4,99
ι6161411413Α646,4 4, Ι, 1, 75. 3, 3, 3. accipies 1144441. 3,1, 6146444. 3, 3, 344.
41. 444ι 44 4444611444
4613444114. 4, 4, 11 4444914663. m, 36 aec 94441644 4,4,44 Phor. 2, 3, 23
1144.4,4,4’3 35,48 4146,,,·4334 ι461641144444κ14143
4611413 rem Eum 4, 44449446.. n. 4,6, 25 attinioAud. 3, 4443 :aarum 1144444. M.
46664144611146. 3, 4, luggam ”’ώ ” ” 5⁸33 ’41661 3: 14466414441441. 4494
43 κει944461414,4,υ 52 43 α

n ¹:

 

