8ο INDEX, &c.

1116111611.4,4,“9 111111.1,4,14“ 11111Α11.1,1,119. 1. 4, 3, 46, 93. 41
1111111111.1,1,34.1111119111111111.1,4, 1, 9, 39. 9, 4,43 4,1α 4, 9, 7· 5,
⁴26, 1⁶, 59 1916 1⁵ Hoefllo ¹9 1, ⁴⁶ 25 u· ⁵2 39 14·
1111.1,1.36 1161111111. 4, 4, 4·1’611.1,1, 381111. 9,6,11.9,3, 14,
utilitatem Eun. 2, 3, 111111. 9, 9, 14Afei. 4,,,8 4, 4, ιο 31.43, 48, 66. 9,

17 1,],41Ρ111.4,3, 11111111111111141, 8, 161111. Per. 1,
1111111111. 9, 9, 14 941111. 3, 9, 19. 911 8,11. 1, 1, 9. 1,
1111111111. 1, 1,9 4,3,11 ‚uxoremAd- Per. 3. 1,19, 41, ⁶0, 31,
:tinam And. 3„ 1, 9. utrumque And. 1, 9, 1,1,34,118.1,1, 99.1,1,44. 3,1,

3, 413. 4, 9, 11. 9111. 1,1,41 , 1, 6, 20. 1, 9141 14,19,4ο.3,1,6,
“ 9,4,19111.1,1, 111111111111.4,1,1ο 8.1,·1,13.1,1, 3, 3, 6. 3, 9, 91,
11,99.1,1,3,4,1111111111.1,1,88 16,·39.1,3,1,14, 64. 4,1,41.4,1,
3,11.9,8,4111111. 1119811111. 1,’9, 19 11. 1, 9, 3. 1, 6, 1,16. 4, 4,11, 31,
1, 1, 109. 9, 1, 111111.3,1,38,ν. 1911. 3,1, 39, 96, 64, 36. 9,1,
¹ 2¹ Md· 31417· '⁰¹85 . 47· 31 3³²8· 44 ¹» 13119116· 5131

4, 1, 1. 5,8‚ 19. 111911111161911 39. 4, 941. 9, 3, 11. 9, 4,11
9, 9, 1911111. 1, 3, 1111111111.19111111 13. 9, ,31111119 mm smus Phe.

= ΒΗΚ· 32 2, 19· 4, '11¹1 And-³, ³, 46 Vc 2, 491 Hun- Pir· ⁵, 1, 18
1,11 volt 11. 3, 3, 49. 4, 3, mom m. 9, 1, 18.
1111111111111.9,1, 19 uxor And. 1, 3, 11. 19. 4,9, 16. 4, 8, 9,8, 11, 93 ·

1111. 1,1, 11 1, 919. 9, 3,1ο 6. 9,1, 39. 9,1, uxori Pha. 4, 3, 6ο,
11111911Α11.1,ς,91 1111111. 4, 1, 9. 9, 46. 9,. 9, udde!- 36. 9, 6, 391111.
msam Hm!- 25 3⁹ 8⁵ 15⁶AdCI· Ῐ9 19 59 PU· ⁹· Ῑ9 19 190 32¹ 391912
1111111911 Hem. 1111. 3. 4, 3, 41 Ρ1111.4, 1, 36. 4, 9, 61, 69, 111πὶ11111. 9, 1,1ο

4111111 1111941115. 66511119· ⁵242=1⁰r³⁸¹1w2u5² .

υυ1ω111Α16.Ρ111.19 1,11,1οΗ1114,1, ς, 7, 19, 9, 1111194611...

1111111111111111111111. 3. 4., 3, 1. 4, 4, :fan-1³0. 3,8, 1, 9, ¹4· 4,3, 39

muoz 4473181516 ¹2· 111. ⁶· ω. 11111119*
1119911111,3,3,16 3,11· · 69.1,9,13.,1,9,

muts.

119111311111111, St. 1111163111, 0111111111.

 

