voeA'ssUmRUM, 45

1, 33, 33. 4, 1, 1111111111 1111111111.- 1111111111111111111111411. maxumusstdd. 3, 4,
1111111111111111111. ω1111111115111ξ111ἷ33, 1, 11121111111’1ζ13111.1’111.33 111123711111 1111111. 1111.
52} 16 ²9 1111111Α31.4,1,31. 4¹
malsssdnd. 1,1,137 111111111Ε1111,4, 1,8 ς, 9, 34 1111. 4, meg injustitia maur.
Adel. 3, 4, 34 mansueti And. 1, 3, 3,4 ὶ 1,1,84
mammam Adel. 3, 3, 87 k 11111ὐώ Eun. 1, 1, 2. mcv, 1111111111. Ful.
11 mansum 1111111. 1, 2, 3, 4›3.1 ’ ’41
mancipia Eun. 2, 3, 13 ’ 111111111111111. 3, 3, 111143111114111, 433
’ ,70 ’ 1111113111 11143, 1, 43 11111111111111. 1,1,8
111111113111111111111.1,1, 16 11111111111111,3,1,.63 mederi 11111. ,4,3
..1,1,,,,,,·,.,,,,, ‘¹²²⁵'327‘2'3'422233332 ,11111113 ., ,, 1111131·
11113131111111.38,3,18ι 41111. 3, 3, 43. 4, 1111111111111.3,1,34 medicam And. 3, 1,
or. , 11,
mando A2}.4’1,'5‚⁶1 1111111141111.1,3,61, 1111κὶ11111, 11111191, Proh meam aad. 3, 4,.
1111111 And. 1, 1,·36. 111111.3,3,14 Α. 8 31111. 1111. 11 , ’ 41 ’ ’ ·
4, 1, 34, 38,4, 5».2¹ 111.4,1,31. 3, 1, ωπκιπιξᾼηᾰ. 3,1,4, medicum 1111. 3, 1,
Eun. 2, 2,86. 1, 3, 11111. 4, 3,' ²9 16. 3,1,11 111111. , 43
46. 4, 6, 2⁶. 3, 2, 4111111111. 1, 1, 1,3,38. 3,1,13. meditari Α111. 1, 1,
7011111111, 1,1,1 ι 1111111. 3, 3. 19. ἲ 3,4,1“8 11111147, 1Pbor2 1, 3, 12
2, 3, 31. 44111113, 1111111111111,111111111111.1,3,
²³ 3⁹ 5²· 414114· “¹²5⁶

1113246, 3 1,11. 43631111. 18

3,1, 13Α111.1,1, 11113ῐῖ1111.3,3,13 hmo. 3, 1, 31. 11111111111111112,4,3
43. 2, 3, 11, 3, 111111111111,3,3,4 3,1,13.3,3,36111111111Α111.3,6,8
4,111’1111.1,4,4ο. mantus 4111. 3, ξ, 1111311111 11111144, mehercle Eun. 1, 1,
’,13611111 3,·Α, ⁶ 13 ’ 131116 .
111· 111, 11, ma ¹3¹2„ch- {²²2 '. ¹⁰³J¹3m⁰ 111· 111, 1133311111, 3, 3,,,3
1115111111141111. 3, 3, ῃιὲἕ 331431, 11111111111111111.1,1, 1111411131 54, 7, ,ἶ
31 1 1114111. 2, 3, 4. 19Α111.1,1,8.3 1111111111111Α11.1,1,
111111111311111. 3, 4, 1, 319, 3,4,1 313. 3141111111, 3311111111, 3,,
²8 11111, 3, 4, 33. 4, 111. 3, 3,3 11111101111Α111.3,9,
331111111111.3,1,4 3.13.4,7,14.3,1111111111*Εν11.4,3,8 9, ¹ .. .
1111111ῑέ11. 3,1,44 ,611111,1’11, 3. 1111.3,1,13 1111111111 31111.4,3,3,
1111111. 4, 4, 13 1,“1,13.1,“1,8ο. 111111111111111. 3, 9, Α111. 3, 2, 18·
Phor. 2,1,8. m, 4,1,3 1111.Ρ11.6, 6111111, 1,1,36 melior Hmr. 3, 2,
= 27. 3, 3, 30. 5,7 11,3,1,18,1ο,1111111111ὲ1111.4,6,13 38
33 23. 3, 3,18, 4, 1, Eun. 1, 2, 113 1, 11111111 Phar. 1, 4,
1111111111Ρ111.4,1,4 31. 4,·1,·14.4, 3,4ο, 3,9,14·,4ο, 31 3
manebo Aa. 4, 4,18 4,18 A 111111. 11431, 111111011111111111.1,1,
Eugfthflzzrt'eoa magemffiffiw' 4⁹ b 3’43'03’1’2w’ meffifflfflvffl
m²1n3e9 ,μ ’3,11111141111111111.1,3, 11111431151113434, 111. ⁸5, 9⁹
111219111111111111. 4, 33. 51111171. 35347,1133 3,8,4,5361.,31ξ·0 3, 3, ω13179111111111. 3, 2,
1111111111.3,3,33 1111.1,1,36,3,1, 3, 3 Phor. 1, 4, 1111111111111.3,3, 14.
·1111111Α111.1.1,16 131111.1,1,1ο9, 13,1,3,381111.3, 4,1,36111.1,3, ’
12111131, 31111111. 3,1,19.4,1,16, 1, 31, 3, 3, 144, 82· 3,1,63.4,11,
111, 15111114, 4111414156 , 1189 ¹ ’1131511111
¹5 11111, 3, 1, 1ο matre Adel.4‚ 3, 11 111111111Α11. 1,3,31 3,1,3. 4,1,3ο
1111, ς, 415 1111136. 331111. 1131. 3, 6,4’ 1411144113,
31111111Α111.1,1,17 1,1,93.1,8,’33. maxumi 1111Α11. 3, 117113·3,3.11.
PhW15232³205279 ⁴2³,st 33141 θ 31518· 4123191
331111, 4,4,1οι 31111111111, ,1ο maxumo 1114111111. 4, 3, 3. 4, ’3. 5,
1111111111Ε1111. 3, 3,6 1111111. 3, 2, 31 4ο.4, 1,13Α3111. 7. 34111. 2, 2.
111111111111.1,1,13 1111111111.1,1,18 3411111131, 79· 4.3, 33. 3, 3,
1111111111.3,6,9 1111.3,3,11 1 33 1311114410
1111110111. 4, 3,4 11111111110111111111111. 4, 11111111101Ε1111.4,3,11 1111111111111 11111311,
111111111111. 3,4, 29 1, 31 11111111111111111111. ¹9
gnanibmstnd. 1, 1,111111ἰιξ111.1,1,31. 441111. 1,1, 37 tnembnAdd04,4,'5¹
34· 4,1, 5111111. 3, 1, 2¹ 1111.“ 3, maxumum'st And. 3, memento Adel. 3, 3,
111111 4184111111, 1141111· 111, 11 11, , ,,
3331131111·1111.4,3,6 43 · “ Α111.11,13 1111111111111111. 4, 7,

1 1111

 

