11 ’ 11161111 ι

6161166111 1616. 1, 6, dicit 1114. 3, Ι4461111. distis est And. 1, 1, 6131111111 Enii. 1,1, 31
13111611. 4, 3, 36 1, 3, 47, 36111111. 55 613111 M. 1, 4. 3

, 61111111111111.3,1,43 1, 3, 311, 78. 3, 3, 611111161Ρ611.Ρ11Ι.11 Ε111.1,3,13. 3,1“, ’

dicent Phar. 1, 3, 4 17.6.111.1,1,3. 1, 6116661111 ibor-4, 1, 16 1 ’

1111.3,1,31 1,611’611.3,3,11 14 ¹ 631111 Ha. 2, 3.1 t

616116 .1’1Α.Ῥ161. 16. Hec. 3, 3,31 611111Ε11.1,1,1ο. &gnam 1111111. 4, 3, 3, ’
1, 1,16. 1, 3,13. dicio And. 1, 1, 16 3414111114, 3, 4,,4, 13

1 1, 6. 3,1,11. 3, 6111136131111. 48311611. Pnl. 13. 6141116611.1,1,33,’
1,»17, 3, 4, 17. Δ 1,1,1 1,1, 31 61311111Η1111.3 3,3
Eun. Ρ111. 16, 3,1, 61164116. 1,1, 33. 4, dicuntur 161111. 1, 1, 6141161611.3,7,111
51· 1113117· 4151 51231514μρ1ῗ111. 18 dignos Adel 5, 7, 21
16. 5,4, 13111111. 1,1,63. 1,1,36 61611111111161111.Ρ116. 61311111 Ara. 4, 1, 41
1,1,16. 3, 1, 81. 1, 3,43. 3,1. 33. to ἔνη-3413161116
4,1,13, 16. 3.4,“ 3, 3, 11,16. 4., 1, 616111Η11.Ρ111. 14 1, 1, 33, 36, 63.
1311611. 1,1,661 33. 3, 4461111111. 6111611111 And. 4,1, 3,1,11Α1111.1,1,
1, 1, 31. 4, 3,41, 3,1,18,16,43.3, 17 13Ρ611. 1, 1, 6,
36. 3, 3, 36. 3, 4, 3,11. 4, 1, 38. 4, 6166111111111. ’3, 1, 1333, 31. 3,3,4
’146614 1, 1, 36, 3, 111. 3463161111. 36 , , Η11.1,1,11,13.3,

¹ 771111. 1, 2, 43. 1,1, 17. 3,,1,33 di< Eun. 4, 7, 31 1,16-

44,4,36 Pham, 1,11. 1, 111111.1,1,116.1, ’113111111163431
6111111111111154, ’1,36. ’3, 41. 1,1, 41. 3, ¹2, 37 Eun. 5,9‚ 34111111.
11111141616316611. 1,13. 3,1, io. 3, 6ἶ1’111.1111.1,3, 33. 3, ’4, 6346611. 4, 1,
’4,4,13.4,Ι3, 41 3,13. 3,8,11Η11. 4, 341111. 3, 4,1. Ι4131611. 31334
Phor. 1,1, 36. 4, 1,1,·3. 3, 3, 63. 3, 7, 13. 3, 3, 11 6131111161 Phor, 4, 3,

, 1,6 4, 1, i. 4, 4, teo, 111111.3,1, 13 A· 16
’ 6161111Ε111.4,1, 33 dicta 16111. 1, 3, 46 1611413. 3,1, 613661611111111. 3,1,33
1611. 1, 1, 33. 3, Eun. 1,1, 66, 77 16. 3’, 1, 34. 3, 3, 61311611111Η1111.1,1,
5,ss 1111111. 1, 1, 11. 1, 36. 4,1, 3. 4, 1, 8 .
6116111116. 1, 1, 3 3,16. 3, 1, 4. 3, 31. ι, 3, 68. 3, 7, 611171611Ρ111·3,11’4
Ρ66.Ρ111.13.1, 1, 4,11 3 1Ρ111ν, 1, 3, 74. 6111111416. 1, 3, 33
34111141, 33 6161141111Ε11.Ρ11.1 3, 1, 16. 3, 6,1 6111316611.1,1,16
ditctAnd. 1,, 4,8. 3, 6611613611. 1, 3,,(13 llic. 4, 4, 13. ς, 6111366111 Ean. 2, 1,
1131111111 1161111111.ἰῖ ζ’ ” ‘⁷' '⁵¹⁴'²³' {3²32}ae ³⁶²³
· 2 1 ιι 1 ι’ 1 . 1 3 · 1 7
1,1, 431 Ξ, 1, 11 3, 31666144, 611..111.6.1,1,’76. 1, 141111. 1,.1513,
*ban 1, 1, 16. 3, 36. 3,1,13. 3.1, 1,16. 1,1,13,18. 11
7, 6.4,3,11Ι.11. 16. 3, 7, 81 1611. 4“, 1, 31. 4, 1,, 11 diligentiam 111141,
ditiiiiEtii. 3, 1, 76 ditiitait'i'i'eaut. Prot. iiii 1337111οἒ 11111111Ρ111.3,6. 14
licant. Prot. 33. 4, ’11 Phor. Pro!.4 ,14 1111111. 4, 3,4 diligunt Au. 3, 6,3
31411611. 3, 3,3 6161617611. 1, 3, 76. 1611.1,1,14.1,3, Α1111.3,4,13

Pb⁰'·¹25³5· 5141 5‚8,14 1116161164611(ῑ11ὶΡ11’·111111 ¹

3 1111111144, 6, 14 Hec. 1, 2, 161, 6116161111Α611.3,3“,
'ametur 111111. 1, 1, 1.’1.111.3,1,66Α.’11. 116. 3141 7· 41, 16Ρ611.4,1,4
36. 1, 3, 33 1. 4, 11 16 diminuta-mm}
61111116. 1,3, 13. 3, 61611111 And. 1,1, 1. 6161111Α16.1,4,3 6161161111 Adel. 4, 1,
' 3, 36111. 1,1, 37 1,3,7.4,6,1Ε11. 'differor And. 3, 4, 31
istaut. 1. Ι1, 34. 3, 6111. 4, 6,41. 1,1, 46 dimitto Eun. 4, 7, 44
1,13.3,1,31611. 3·. 3, 1, 36, 46. 1111111411. 1, 3,6 dinumeret Adel. 3,7,
miss· 11Ὶ11· 51 31 {tii 3¹42 4· 61 Ε’Μ1 ι13· S» 3¹ ¹7 · Ι
6,131111.1,1, 13. S, 36 1111111. Prol. 16 [11611361 Hem· 1,1,
1,1,11. 3,4,1 = 36.4.3,1,1.4,8, difficilem 1111111. 3, 1, 16,4,4,11
dicimus 161111. 1, 3, 8. 3. nt. 31 Atel. 4. 3, 1, 66 Diphili Adai. Ρ111.6
63 3,4, 16 ’3, 6, 31 61.111’111Α116. 1, 3, 61131141111517118
’611111116.1,1,16. 4, Ρ611.1’, 1, 46. 3, 71111111. 4, 1, 8, ί111111114611.3,7,16
3,13Ε11,1,1,16. Ι3,11. 3, 7, 38 difficiilimum Eun. 3, Diis And. 4, 3,’ 31. .
1, 3, 44. 1, 3, 7. 61611111Ε1111.3,1,3 4,4 3316141611. 1,1,
ι 3, 3, 33, 64111111. 6161116116. 4, 3, 61611111116111. 4, 6,1 41, 38. 3, 4, 36.
3.1,13. 3, 1, 46 11 ’ , 61161111,11Η.1.4,4“,“4ς 3, 1, amm,
’Λ611.3.4.31.4,3, 6161116111 And. 1, 3, 661311 Htw· ’3, 1, 6. 3, 6, 14. 5,71
161111. 2, 2. 49. 13 73 , 11111. 3, 4,11. 4,
11.-31· 11· tt: ³¹3222355551532¹²⁹ ‘'¹232st 13113. 1111... ,, ., ..
1,1,11 3, 1, 16 6161111 111111. 3, m 4,1,33. 3, 3, 31 -..1616.1,1,·33σιω

 

