11111111011111 ,4

4113111 111111. 3, 11, 3, 1, 47· 4. 3. 52, 1¹· 518113· 516. 1111111111. 3, 3, 30
dfflm Ἰ 73. 33, 31333 7,“ 49,3ο1111.1’111.4ο11111111111111114,4,3“
Ι 11 ,ιί
1611.ςηῖᾈῖ ff dnc³em 1111.4’1,,’33, 18. 1111111144, 1.3, 3, 111131111111111111. 4,
11111111....1,ι,13 3,4,17. 3, 1, ιι 9,14111111 1, 3, 1,43
Ἐ11.4,8, 11) 111111. 3, 1, 111 ’114Α11Ι,7,3,’64“ 11111111111111. 4,1,3 ’
1161311111. 1, 3,’9. 1, Α111. 3, 2, 1016111, 3, 8,18 1111. 1111. 11111111111111. Ptol. 32
3114333111. ’3, 7, 17 , 44. ’1, 1, 44 11111Α11.1,3,1ρ.1,
3, 3, 1. 3, 2, 6ο 1111111111. 4, ι,44 daturum And. 1, 1, 6146111. 4, 7, 13,
Hem. Prol.33. 3, 11111 111111. 4, 3, 33. 1111 1111111. ’3, 1’, 44. 3, 8, 43111111.
4, 11. 3, 4, 34 3,1,111’111.’3,“1, 93· 3. 4, 43· 4. ’3, 3111111134,
AEe1.2,1‚54 11 . 8, ¹⁶ 1111«4. 1· 4161· 518131,

44. 1, 1,» 33 1111411161. 3, 1, 5 “

1411111 111111. 1, 1, 6. 11111111111, ι, 74 11 311111.1,1,11.1,
4,4,16. 4, 3,19.’ Ε11.3,3,131111111’. 1111111111111. 4, 3, 4,,10
4. 8131111111. 1, 1, 3.1,131111.1,1, 36. 4, 6, 13 1111111111111.1, ,9
38. 1, 1, 11, 38. 31. 4,3,1ο, 38 umam. 1,1,19’, 1111111161,4,1
3, 8, 331111. 4‚4, 1111111111. 1, 3, 67 18.1,3,1.1,1,3, 1111111Α11Ι.3,4,19
11 · daretur 1611. 1, 1, 34. 31434. 1, 4, 6. 3, (1111111111336 “
dabo 111111, 1, ²7· ς, 7, 4ο ι, 18. 3119· 314· Phor. 3, 7, 34
4131711141, 11111111.Ρ111.1,1,1, ιο. 4,1,41. 3, 6, decipiam 111111. 4, 4q
8³²4· 2, 31 69 3, 20· 3) Ᾰ114· 51 316 11 81 ¹4 Hm· 11 εἰ.
1111111111ρε1. 7111. 1ιι, 16111116, Ξῖςτ.176 Davi §iumen 8 66611111 111161. 33 εἶ’443ς
ι, 86. 3, 1, 88, 3, 4, 6, mel. 3, 1, DavoA¹1d·2, 1,1.1, declaret 1111111, 3, ’
5111111144, 1148· 1. 3178· 14111114. 41
37,6ς. 3,6,37. ς,’ 1,4,16.4,3,13 31 11111111111111. 1, ι,
9,38Η11.3,3,48. Phor. ι, 3,31. 2, navorum-m, 31. 3 “
4. 411·Ι 5. 4. 29 1,· 61· 1111· 4. 1· 1· 41· 4148· 11111111114111111.
dabunt 11111. ι, 3, 3 1, 6. 4, 3, 18, 48, 3.1,1,ιι. 3. 3,7 16
1111144, '22 53. 3641111141, Duos 1111. 4, ι, 38. decrepito Eun· 1, 1,
1111111111Ρ111.1, 1, 1. 31 ’ 41316 . 25 ’ “
20 ¹ 1111111. 3,1, 3611111. 1)111111111.1,1,141, decretum 1111111. 1, 4,
1111111111. 1, 3, 3. 1, 461111. 1,1, 1ζ1,1 ’ “ 11. 3, 1, 36 “
’ 38.’4,“4,33 · 1111111111131. 1111ὃ11111111.1,3,3
damni 1111111. 4, 4, aaz 11111. Per. 3, 11, ῐῖ 1, 13. 1, 6, 3. 1111111111111. 1,1, 73
25 1, 3, 8, 61. 1, 2, 3, 3,·44 ἱ11116111 Her. 2, ι, “
11111ῑ11Ε11.3, 3,13 ις, 34, 33. 1,3,1 1111111.1,3,9111111. ’13 ’
damno 111111. 4, 1, 13 Eun. 1, 2, 83, 4', 1, “ 4, 6, mor. 4, 4, 6. detriverunt And. 1, 3,
damnosus 111111. 3, 4, 13. 3348111111. 3, 7,831111.1,1, 14 ’
“ 11 3,1, 37, 3811111. 17, 59 · decrevi 111111. 1, 1,
damnum And. 1, 3, Per. 2Phor. 4, 1, deambulatio 1114111. 4, 33. 3, 1, 67 1111.
11614111. 1,1,13 14. 3, 8,47 ’ 3.1 3. ς, 4· 4, 1,17“.’
111111Α11.1,1,9 11111111.1,3,31,38.111111111111111111111.3, 4,1,1ο ’
0111111113, ς, 37 3, 3. 16. 4, 3, 1,1’7 4,],16 ’ detuit 111111. ι, 1,48.
111111 1111111. 3, ¹147 Α1111.4,1,1411611. 11111111111.’,6,11 3,1, 11
111111 Adel. 3, 4,116 3, 7, 191111.Ρ111. 6161616111 del. 1, 1111111611 1611. 1,1,
11111111111.3,1,48 1, 3, 3, 314, 1, ,1,31, 31 18 “
11111Α111.1,3,17 13 · debeam 1111. 3,1,11 1111111111. 1,’7, 18.
1111111111. 3, 3, 31 1111111111.3,6,43 31611Α11.4,1,’31“ 3,4, 3111111373 .
“ Phor. Pa. 1, 4, 3, 11111·111111.4,7,8 ’ 111124,3. 31 1
711111. 3, 3,4ο 1111111111. 3, 3,, 11811111111.4,,ς, 43 1111111111 Hec- 2, ι,
1111Α111.1,3,11.1, 1, 1111. ς, 3, 16 Phor. 4, 3, 36 13 ·
7· 1, 1716. 1, 6, 1111·Α·1.1,4,ς. 3, «1111111111434 dedecor 1111111. 1, 3,
11. 3,1,14. 4, , 1,3Ει11.1’111.441161111111,1,1,3,3, ”93’ ’
33 En. 1, 2, 61. 111111. 1111. 18,33 7,3ο “ 1111111111.4,1,.
3, 2, 14· ’3, 3, 111. 1611.1’111.36,3,7, 1111111 1111. ς, 4, 44 ’47 ’ ’
3,1,63. 3, 313 14 · mama. ιο. , 4111111111.4,3,1ι
111111.3,1,4ο.5911111 1111111111 1111. 1, 41. 4, 4. 1. 1, ’111141111411111
67, 7⁸295· 4, 4,1. 1111. 33 , ’ 7, 7, 3, ι, 3611111. 1111911113 1114.
4. 5. 41· ς. 1. 48· 1111 ,111- 1111111 ², ², 14· 4· 1. 57. 1. 1· 14 ’
5411111111· 1,1, 4. 1, 61 111111.1,1.46.4, 3, dedere mes, ι, 36
13. 1, 1, 44. 3. datum And. 1 1,6 313461 1111. 3, ’ Em. 3. 46111131.
1, 41 3. 8, ιο 111.3,ι,·,3111111. 3,·14 ’ ς,1,43“ ”
31111, 1,63,67. 4. 34311111. 4, 3, 1111111111111.3,3, 33 1141311111. 33411, 3
’““”” ’ “’· ¹· 11 deest

 

,1ο .

