,4 · ’, 1110111. .

3, 13111111, 1, 4, 138. 4, 1,’37, 4, omia-affluam& omnm And. 3, 4,3
4111112341. 3, 3,13.,3,4,10.4, ’46 · En.2.2‚10.5.5,
4441114444, 1,13,ι4.4,4,1,0441004411111ἠ1,14 4441143383,
3,3,1ο,34 4144311811. 1611111163 4, 3,4; -3,3,11
.0340111111111;“11.3,“3, 4, 1, 14,13, 36. 0111104114Ἅῶ 4,4,· Huc-m, 161
44 , 3, 4, 46. 4, 6,34. 4111111, Pul· ¹5 04 En. 3, 3, 49. 4,
03341111114111. 1, 3, 1144111.1,1,18113, 1644341884. ·4,3.4,3,36,3,1,

44 1,4, 14. 3,1,41, 3, 3, 41 44114411. 4, 3, 68 1

opprime Phar. 3, 3, 3, 313, 31, 34. 4, orationi 11144, 3, 41 46141443. 4,4,
0361616011111 411414, 68 Add. 2, 3, 1.·011101314481169 . 5. 8, 93

4, 40 3. 4, 34, 44, 36. oratorem Hm. 1141. ostium Adel. 1, 4,
0334161114. Pral. 30 4, 4,33. 4,3, 10. 11. · 10’ ι 4
“ 14111144, 41 4,4, 16. 4, 3, 72. «4101111441. Pul-26 014014ιὶ Han. 3,1, ’

ψώ6ὢωώ901ηεψωοπϋωψῆ η ’
0401141Ᾰ11.1,4,10 Ρ61ν.1,4,47,3ο. 01416111εο 3,4,31 064061ωΛι1.3,4,46
03116111114111, 4, 3, 1, 3,4ο 4,4,33. 01641644.1,4,33 Eun-mmm,

10 3,.3,3,44,46,43. 0164144141.1,3,13 1,4, 44.. 3, 3, 10
0111611011Η41. 4, 4, 30- aa, 3, 43.·61, 0168611141. 4, 3, 16 Phor. 3,-6, 33

43 4, 3,61,16. 4, 3, omelia-sq. 14, 33 ostensem 4, 6,44
0131114111. 3, 4, 8 4. ς, 1, 37, 3, 7. o=d3ne Eun. 4,4, 48 ostendent Adel. M.
·04141613011“611.Ιι,3, 92. 3, 81411401, AM. 3, 2, 31. 3, 44 . ’

Νὴ, 1.,19. 3, 3, 9. 3, 3143338641. 06411611οξ41.3,3,3,
04,11111.·.1“6,ν.3,4,30 4,13. 4, 3, 4, 4, 4,1,14 Add.1‚2,⁶2
0111111141. 3,4, 40 4, 43, 76, -3, 4, οι1ι,ῑ,1,4.4,4,3 01004ηωΑά1.3,3,
optare 111433, ¹4 41. 3,4,,43 nn And. 1, ι, 36 what-5, 3, 10

161. 3,1, 31 030106Α11.4,6,1ς. 11411433, 11. 4, ostenderet 1144. 3, 1,
03111 111111. 3, 3. 30 3, 4, 44. 4, 1, 13, 3,44. 3, 3, 18141141, 31

. . 1114123341 14, 38. 4,4,41, 1,4,ι31’1,ιι.4,3, 06411461111441.3, 1,

0411113111. 3, 3, 57 34 40. 3, 3,44. 38, 43 .
031110161411111141. 3, 03υ’11Ξ41.4,4,4. 4, 33 0641641844.4,3,14
4,, 6, 40. 3, 9, 33 0140011144. 4, 4, 33 ,1114443460
0313101111. 3, 3, 27 Phor· 1, 4, 43, 3ο, 044114143, 1, 7 Eun. 0111111411. 1, 4, 43
. mmmm 5¹92²7 1, 511· ς, 3, 14 1, 2» 49 Eun. 5‚9,591flanr.

041111,1Α4ἅ.4,6,1 611Ε111ιι4,4,47 ont Adel. ς, 6, 13 Ρη1.3
omn And. 3, 3,6 0116111114. 3, 3,48 Pur. 1, 4,31 06411οῑ11644. 4, 1,
, 3614006144 0111111811. 3, 3,43 011154443441611. 41164. 4,4,3
0414011ὶί v. obticuissi 01160446. 1, 1,14. 1,3,38 ostenta nor. 5‚4‚7
0411311140. obtigisse 3, 4, 34 oritur 1140414116 0640661814. 3, 3, 3,
optinum Phor. 1, 4, 0140011146. 3, 1,4 01011114..4,3,83 fleant, 1,103,4,
43 011116οΑ161, 1, 11 ormmentis licant. 43 1, 311404, ¹2²9
11111011 Her. 4, 4, 44 fleam. 4, 3, 83 3, 3 0640611114441. 4, 1,]
0411114111. abnues 0140114141. 2. 3, 16’ 01114101Η40111.4,3,47 Phr. 4,1,7
0110011113, 4,47 0110141211. 3, 3, 14 0111111ῑὶ11. 4, 4,6 01141141101841.3, 3,
,161447 mantem Η,411.4, 3, 010111111114411. 4,3,47 57
opkurnae adulescenti 125 ornat And. m, 2ss 0600111144. 3, 2. 30
,114348 - 0111141111. 1,4,41. 3, 1214. 4, 4,6 0411114613416.
0401114111 How. 4, 4, 344. 4,1,33. 4, οωιεὶίῑὶωιΡὸοι. 3, 6, 3, 4, ²7· 4,1, 38
1014866· 519117 ²⁸4¹ 5141 ¹· ΡΨ· ¹3 ⁶ Eun.'2‚2,3⁶, 3134
uptam} ,1112 4, 1, 3· Prm'. 8. 1, 3, 26 anatolu- 4,1,8 33. 4,6,ῑς· ςύ,
’31316644 61154232 ο,ἕι6116613’;ι3 44 Ἥ {2:1an& 84661564 53, ςὀς
ιν111· *11 0'· ⁰92‘'
Ι 3,1,66114111.4,4, Ρ611.3,1,30.3,3,·0101101Α641.4,1,44 3,1, 1. 3,1,,33
ωωμψ14ώὼ4μ1ῶηψθ Μηωψφ
u. 3, 341111. 3, 4,1,60 oroAnd.1,2,19. 1, 5‚5Phr.5,3,33.
Μ. 33461101. 01161111. 2, 2, 36 3, 34. 3, 3, 6, 16, 3,3, 14. 3, 6, 36
, 1, 3,1 ἰ.’1,·.4,4,4 011110.1111.1,1,ιι4. 24· 3, 4, 13, 16. 1144.3,4,14, 3,1,
. uptun& offers And. 4. 1,5, 16111411. Prot. 3,1,4,13Ε11.3,4, 6. ς,4, 14
4,3 3, 27. 4, 4, 4. 4, 46, 5, 9, guium· αἰὶ11ιο4.1,-1,43
031101 114143, 1,4.. ς, 3311141. 3,1,84. 4, 1, 10 011011146144640. 3,
48 Hac. 3, 4, 31 3, 31311111. 1,4, Λ141.4,4,46Ρ611. ι mlix-Pul. 46
031,4,,111Λ41.3·,1,8 47. 4, 3, 44 ς,8,311144.3,4,3 otio 11111110 Emt- 1,
Pan-2, 2, 20 011111 impudenfiffim 0111 Mea-20 1, 33 1, 57·
3311141111. 1, 1, 3. 72 ,11144 1,10 11403318 otiose 461164, 1,4

 

8,14, 3, mo, Hoc-mm 3. 3,4,1οΡὸο,. ,

